DATAFLOW,LAST UPDATE,freq,unit,coicop,geo,TIME_PERIOD,OBS_VALUE,OBS_FLAG
ESTAT:PRC_HICP_MIDX(1.0),02/03/22 11:00:00,M,I05,CP03,EU28,1999-12,100.47,
ESTAT:PRC_HICP_MIDX(1.0),02/03/22 11:00:00,M,I05,CP03,EU28,2000-01,97.26,
ESTAT:PRC_HICP_MIDX(1.0),02/03/22 11:00:00,M,I05,CP03,EU28,2000-02,97.82,
ESTAT:PRC_HICP_MIDX(1.0),02/03/22 11:00:00,M,I05,CP03,EU28,2000-03,99.83,
ESTAT:PRC_HICP_MIDX(1.0),02/03/22 11:00:00,M,I05,CP03,EU28,2000-04,100.33,
ESTAT:PRC_HICP_MIDX(1.0),02/03/22 11:00:00,M,I05,CP03,EU28,2000-05,100.45,
ESTAT:PRC_HICP_MIDX(1.0),02/03/22 11:00:00,M,I05,CP03,EU28,2000-06,100.29,
ESTAT:PRC_HICP_MIDX(1.0),02/03/22 11:00:00,M,I05,CP03,EU28,2000-07,96.91,
ESTAT:PRC_HICP_MIDX(1.0),02/03/22 11:00:00,M,I05,CP03,EU28,2000-08,98.09,
ESTAT:PRC_HICP_MIDX(1.0),02/03/22 11:00:00,M,I05,CP03,EU28,2000-09,100.32,
ESTAT:PRC_HICP_MIDX(1.0),02/03/22 11:00:00,M,I05,CP03,EU28,2000-10,100.93,
ESTAT:PRC_HICP_MIDX(1.0),02/03/22 11:00:00,M,I05,CP03,EU28,2000-11,101.31,
ESTAT:PRC_HICP_MIDX(1.0),02/03/22 11:00:00,M,I05,CP03,EU28,2000-12,101.12,
ESTAT:PRC_HICP_MIDX(1.0),02/03/22 11:00:00,M,I05,CP03,EU28,2001-01,96.59,
ESTAT:PRC_HICP_MIDX(1.0),02/03/22 11:00:00,M,I05,CP03,EU28,2001-02,95.71,
ESTAT:PRC_HICP_MIDX(1.0),02/03/22 11:00:00,M,I05,CP03,EU28,2001-03,99.53,
ESTAT:PRC_HICP_MIDX(1.0),02/03/22 11:00:00,M,I05,CP03,EU28,2001-04,100.89,
ESTAT:PRC_HICP_MIDX(1.0),02/03/22 11:00:00,M,I05,CP03,EU28,2001-05,101.26,
ESTAT:PRC_HICP_MIDX(1.0),02/03/22 11:00:00,M,I05,CP03,EU28,2001-06,101.10,
ESTAT:PRC_HICP_MIDX(1.0),02/03/22 11:00:00,M,I05,CP03,EU28,2001-07,96.67,
ESTAT:PRC_HICP_MIDX(1.0),02/03/22 11:00:00,M,I05,CP03,EU28,2001-08,97.07,
ESTAT:PRC_HICP_MIDX(1.0),02/03/22 11:00:00,M,I05,CP03,EU28,2001-09,100.37,
ESTAT:PRC_HICP_MIDX(1.0),02/03/22 11:00:00,M,I05,CP03,EU28,2001-10,101.99,
ESTAT:PRC_HICP_MIDX(1.0),02/03/22 11:00:00,M,I05,CP03,EU28,2001-11,102.73,
ESTAT:PRC_HICP_MIDX(1.0),02/03/22 11:00:00,M,I05,CP03,EU28,2001-12,102.56,
ESTAT:PRC_HICP_MIDX(1.0),02/03/22 11:00:00,M,I05,CP03,EU28,2002-01,97.90,
ESTAT:PRC_HICP_MIDX(1.0),02/03/22 11:00:00,M,I05,CP03,EU28,2002-02,97.10,
ESTAT:PRC_HICP_MIDX(1.0),02/03/22 11:00:00,M,I05,CP03,EU28,2002-03,100.56,
ESTAT:PRC_HICP_MIDX(1.0),02/03/22 11:00:00,M,I05,CP03,EU28,2002-04,102.17,
ESTAT:PRC_HICP_MIDX(1.0),02/03/22 11:00:00,M,I05,CP03,EU28,2002-05,102.49,
ESTAT:PRC_HICP_MIDX(1.0),02/03/22 11:00:00,M,I05,CP03,EU28,2002-06,102.16,
ESTAT:PRC_HICP_MIDX(1.0),02/03/22 11:00:00,M,I05,CP03,EU28,2002-07,97.43,
ESTAT:PRC_HICP_MIDX(1.0),02/03/22 11:00:00,M,I05,CP03,EU28,2002-08,97.44,
ESTAT:PRC_HICP_MIDX(1.0),02/03/22 11:00:00,M,I05,CP03,EU28,2002-09,101.14,
ESTAT:PRC_HICP_MIDX(1.0),02/03/22 11:00:00,M,I05,CP03,EU28,2002-10,102.91,
ESTAT:PRC_HICP_MIDX(1.0),02/03/22 11:00:00,M,I05,CP03,EU28,2002-11,103.76,
ESTAT:PRC_HICP_MIDX(1.0),02/03/22 11:00:00,M,I05,CP03,EU28,2002-12,103.24,
ESTAT:PRC_HICP_MIDX(1.0),02/03/22 11:00:00,M,I05,CP03,EU28,2003-01,97.47,
ESTAT:PRC_HICP_MIDX(1.0),02/03/22 11:00:00,M,I05,CP03,EU28,2003-02,97.17,
ESTAT:PRC_HICP_MIDX(1.0),02/03/22 11:00:00,M,I05,CP03,EU28,2003-03,101.08,
ESTAT:PRC_HICP_MIDX(1.0),02/03/22 11:00:00,M,I05,CP03,EU28,2003-04,102.85,
ESTAT:PRC_HICP_MIDX(1.0),02/03/22 11:00:00,M,I05,CP03,EU28,2003-05,103.20,
ESTAT:PRC_HICP_MIDX(1.0),02/03/22 11:00:00,M,I05,CP03,EU28,2003-06,102.57,
ESTAT:PRC_HICP_MIDX(1.0),02/03/22 11:00:00,M,I05,CP03,EU28,2003-07,97.54,
ESTAT:PRC_HICP_MIDX(1.0),02/03/22 11:00:00,M,I05,CP03,EU28,2003-08,97.49,
ESTAT:PRC_HICP_MIDX(1.0),02/03/22 11:00:00,M,I05,CP03,EU28,2003-09,101.50,
ESTAT:PRC_HICP_MIDX(1.0),02/03/22 11:00:00,M,I05,CP03,EU28,2003-10,103.34,
ESTAT:PRC_HICP_MIDX(1.0),02/03/22 11:00:00,M,I05,CP03,EU28,2003-11,104.09,
ESTAT:PRC_HICP_MIDX(1.0),02/03/22 11:00:00,M,I05,CP03,EU28,2003-12,103.57,
ESTAT:PRC_HICP_MIDX(1.0),02/03/22 11:00:00,M,I05,CP03,EU28,2004-01,97.00,
ESTAT:PRC_HICP_MIDX(1.0),02/03/22 11:00:00,M,I05,CP03,EU28,2004-02,97.08,
ESTAT:PRC_HICP_MIDX(1.0),02/03/22 11:00:00,M,I05,CP03,EU28,2004-03,100.80,
ESTAT:PRC_HICP_MIDX(1.0),02/03/22 11:00:00,M,I05,CP03,EU28,2004-04,102.86,
ESTAT:PRC_HICP_MIDX(1.0),02/03/22 11:00:00,M,I05,CP03,EU28,2004-05,103.29,
ESTAT:PRC_HICP_MIDX(1.0),02/03/22 11:00:00,M,I05,CP03,EU28,2004-06,102.59,
ESTAT:PRC_HICP_MIDX(1.0),02/03/22 11:00:00,M,I05,CP03,EU28,2004-07,97.07,
ESTAT:PRC_HICP_MIDX(1.0),02/03/22 11:00:00,M,I05,CP03,EU28,2004-08,97.39,
ESTAT:PRC_HICP_MIDX(1.0),02/03/22 11:00:00,M,I05,CP03,EU28,2004-09,101.16,
ESTAT:PRC_HICP_MIDX(1.0),02/03/22 11:00:00,M,I05,CP03,EU28,2004-10,103.26,
ESTAT:PRC_HICP_MIDX(1.0),02/03/22 11:00:00,M,I05,CP03,EU28,2004-11,103.86,
ESTAT:PRC_HICP_MIDX(1.0),02/03/22 11:00:00,M,I05,CP03,EU28,2004-12,103.17,
ESTAT:PRC_HICP_MIDX(1.0),02/03/22 11:00:00,M,I05,CP03,EU28,2005-01,96.58,
ESTAT:PRC_HICP_MIDX(1.0),02/03/22 11:00:00,M,I05,CP03,EU28,2005-02,95.92,
ESTAT:PRC_HICP_MIDX(1.0),02/03/22 11:00:00,M,I05,CP03,EU28,2005-03,99.99,
ESTAT:PRC_HICP_MIDX(1.0),02/03/22 11:00:00,M,I05,CP03,EU28,2005-04,102.27,
ESTAT:PRC_HICP_MIDX(1.0),02/03/22 11:00:00,M,I05,CP03,EU28,2005-05,102.52,
ESTAT:PRC_HICP_MIDX(1.0),02/03/22 11:00:00,M,I05,CP03,EU28,2005-06,101.94,
ESTAT:PRC_HICP_MIDX(1.0),02/03/22 11:00:00,M,I05,CP03,EU28,2005-07,95.91,
ESTAT:PRC_HICP_MIDX(1.0),02/03/22 11:00:00,M,I05,CP03,EU28,2005-08,96.22,
ESTAT:PRC_HICP_MIDX(1.0),02/03/22 11:00:00,M,I05,CP03,EU28,2005-09,100.27,
ESTAT:PRC_HICP_MIDX(1.0),02/03/22 11:00:00,M,I05,CP03,EU28,2005-10,102.61,
ESTAT:PRC_HICP_MIDX(1.0),02/03/22 11:00:00,M,I05,CP03,EU28,2005-11,103.17,
ESTAT:PRC_HICP_MIDX(1.0),02/03/22 11:00:00,M,I05,CP03,EU28,2005-12,102.59,
ESTAT:PRC_HICP_MIDX(1.0),02/03/22 11:00:00,M,I05,CP03,EU28,2006-01,95.24,
ESTAT:PRC_HICP_MIDX(1.0),02/03/22 11:00:00,M,I05,CP03,EU28,2006-02,94.71,
ESTAT:PRC_HICP_MIDX(1.0),02/03/22 11:00:00,M,I05,CP03,EU28,2006-03,99.54,
ESTAT:PRC_HICP_MIDX(1.0),02/03/22 11:00:00,M,I05,CP03,EU28,2006-04,101.89,
ESTAT:PRC_HICP_MIDX(1.0),02/03/22 11:00:00,M,I05,CP03,EU28,2006-05,102.22,
ESTAT:PRC_HICP_MIDX(1.0),02/03/22 11:00:00,M,I05,CP03,EU28,2006-06,101.59,
ESTAT:PRC_HICP_MIDX(1.0),02/03/22 11:00:00,M,I05,CP03,EU28,2006-07,95.13,
ESTAT:PRC_HICP_MIDX(1.0),02/03/22 11:00:00,M,I05,CP03,EU28,2006-08,95.56,
ESTAT:PRC_HICP_MIDX(1.0),02/03/22 11:00:00,M,I05,CP03,EU28,2006-09,100.31,
ESTAT:PRC_HICP_MIDX(1.0),02/03/22 11:00:00,M,I05,CP03,EU28,2006-10,102.67,
ESTAT:PRC_HICP_MIDX(1.0),02/03/22 11:00:00,M,I05,CP03,EU28,2006-11,103.17,
ESTAT:PRC_HICP_MIDX(1.0),02/03/22 11:00:00,M,I05,CP03,EU28,2006-12,102.52,
ESTAT:PRC_HICP_MIDX(1.0),02/03/22 11:00:00,M,I05,CP03,EU28,2007-01,94.63,
ESTAT:PRC_HICP_MIDX(1.0),02/03/22 11:00:00,M,I05,CP03,EU28,2007-02,94.78,
ESTAT:PRC_HICP_MIDX(1.0),02/03/22 11:00:00,M,I05,CP03,EU28,2007-03,100.10,
ESTAT:PRC_HICP_MIDX(1.0),02/03/22 11:00:00,M,I05,CP03,EU28,2007-04,102.39,
ESTAT:PRC_HICP_MIDX(1.0),02/03/22 11:00:00,M,I05,CP03,EU28,2007-05,102.58,
ESTAT:PRC_HICP_MIDX(1.0),02/03/22 11:00:00,M,I05,CP03,EU28,2007-06,101.98,
ESTAT:PRC_HICP_MIDX(1.0),02/03/22 11:00:00,M,I05,CP03,EU28,2007-07,94.74,
ESTAT:PRC_HICP_MIDX(1.0),02/03/22 11:00:00,M,I05,CP03,EU28,2007-08,95.42,
ESTAT:PRC_HICP_MIDX(1.0),02/03/22 11:00:00,M,I05,CP03,EU28,2007-09,100.27,
ESTAT:PRC_HICP_MIDX(1.0),02/03/22 11:00:00,M,I05,CP03,EU28,2007-10,102.76,
ESTAT:PRC_HICP_MIDX(1.0),02/03/22 11:00:00,M,I05,CP03,EU28,2007-11,103.31,
ESTAT:PRC_HICP_MIDX(1.0),02/03/22 11:00:00,M,I05,CP03,EU28,2007-12,102.55,
ESTAT:PRC_HICP_MIDX(1.0),02/03/22 11:00:00,M,I05,CP03,EU28,2008-01,94.12,
ESTAT:PRC_HICP_MIDX(1.0),02/03/22 11:00:00,M,I05,CP03,EU28,2008-02,94.66,
ESTAT:PRC_HICP_MIDX(1.0),02/03/22 11:00:00,M,I05,CP03,EU28,2008-03,99.99,
ESTAT:PRC_HICP_MIDX(1.0),02/03/22 11:00:00,M,I05,CP03,EU28,2008-04,101.96,
ESTAT:PRC_HICP_MIDX(1.0),02/03/22 11:00:00,M,I05,CP03,EU28,2008-05,102.08,
ESTAT:PRC_HICP_MIDX(1.0),02/03/22 11:00:00,M,I05,CP03,EU28,2008-06,101.27,
ESTAT:PRC_HICP_MIDX(1.0),02/03/22 11:00:00,M,I05,CP03,EU28,2008-07,93.34,
ESTAT:PRC_HICP_MIDX(1.0),02/03/22 11:00:00,M,I05,CP03,EU28,2008-08,94.68,
ESTAT:PRC_HICP_MIDX(1.0),02/03/22 11:00:00,M,I05,CP03,EU28,2008-09,99.93,
ESTAT:PRC_HICP_MIDX(1.0),02/03/22 11:00:00,M,I05,CP03,EU28,2008-10,102.42,
ESTAT:PRC_HICP_MIDX(1.0),02/03/22 11:00:00,M,I05,CP03,EU28,2008-11,102.82,
ESTAT:PRC_HICP_MIDX(1.0),02/03/22 11:00:00,M,I05,CP03,EU28,2008-12,101.49,
ESTAT:PRC_HICP_MIDX(1.0),02/03/22 11:00:00,M,I05,CP03,EU28,2009-01,92.33,
ESTAT:PRC_HICP_MIDX(1.0),02/03/22 11:00:00,M,I05,CP03,EU28,2009-02,93.38,
ESTAT:PRC_HICP_MIDX(1.0),02/03/22 11:00:00,M,I05,CP03,EU28,2009-03,98.93,
ESTAT:PRC_HICP_MIDX(1.0),02/03/22 11:00:00,M,I05,CP03,EU28,2009-04,101.14,
ESTAT:PRC_HICP_MIDX(1.0),02/03/22 11:00:00,M,I05,CP03,EU28,2009-05,101.26,
ESTAT:PRC_HICP_MIDX(1.0),02/03/22 11:00:00,M,I05,CP03,EU28,2009-06,100.09,
ESTAT:PRC_HICP_MIDX(1.0),02/03/22 11:00:00,M,I05,CP03,EU28,2009-07,92.00,
ESTAT:PRC_HICP_MIDX(1.0),02/03/22 11:00:00,M,I05,CP03,EU28,2009-08,93.74,
ESTAT:PRC_HICP_MIDX(1.0),02/03/22 11:00:00,M,I05,CP03,EU28,2009-09,99.15,
ESTAT:PRC_HICP_MIDX(1.0),02/03/22 11:00:00,M,I05,CP03,EU28,2009-10,101.54,
ESTAT:PRC_HICP_MIDX(1.0),02/03/22 11:00:00,M,I05,CP03,EU28,2009-11,101.92,
ESTAT:PRC_HICP_MIDX(1.0),02/03/22 11:00:00,M,I05,CP03,EU28,2009-12,101.20,
ESTAT:PRC_HICP_MIDX(1.0),02/03/22 11:00:00,M,I05,CP03,EU28,2010-01,90.72,
ESTAT:PRC_HICP_MIDX(1.0),02/03/22 11:00:00,M,I05,CP03,EU28,2010-02,91.99,
ESTAT:PRC_HICP_MIDX(1.0),02/03/22 11:00:00,M,I05,CP03,EU28,2010-03,99.67,
ESTAT:PRC_HICP_MIDX(1.0),02/03/22 11:00:00,M,I05,CP03,EU28,2010-04,101.89,
ESTAT:PRC_HICP_MIDX(1.0),02/03/22 11:00:00,M,I05,CP03,EU28,2010-05,101.99,
ESTAT:PRC_HICP_MIDX(1.0),02/03/22 11:00:00,M,I05,CP03,EU28,2010-06,100.84,
ESTAT:PRC_HICP_MIDX(1.0),02/03/22 11:00:00,M,I05,CP03,EU28,2010-07,91.72,
ESTAT:PRC_HICP_MIDX(1.0),02/03/22 11:00:00,M,I05,CP03,EU28,2010-08,93.20,
ESTAT:PRC_HICP_MIDX(1.0),02/03/22 11:00:00,M,I05,CP03,EU28,2010-09,100.41,
ESTAT:PRC_HICP_MIDX(1.0),02/03/22 11:00:00,M,I05,CP03,EU28,2010-10,102.20,
ESTAT:PRC_HICP_MIDX(1.0),02/03/22 11:00:00,M,I05,CP03,EU28,2010-11,102.84,
ESTAT:PRC_HICP_MIDX(1.0),02/03/22 11:00:00,M,I05,CP03,EU28,2010-12,101.82,
ESTAT:PRC_HICP_MIDX(1.0),02/03/22 11:00:00,M,I05,CP03,EU28,2011-01,90.33,
ESTAT:PRC_HICP_MIDX(1.0),02/03/22 11:00:00,M,I05,CP03,EU28,2011-02,90.44,
ESTAT:PRC_HICP_MIDX(1.0),02/03/22 11:00:00,M,I05,CP03,EU28,2011-03,100.76,
ESTAT:PRC_HICP_MIDX(1.0),02/03/22 11:00:00,M,I05,CP03,EU28,2011-04,103.12,
ESTAT:PRC_HICP_MIDX(1.0),02/03/22 11:00:00,M,I05,CP03,EU28,2011-05,103.49,
ESTAT:PRC_HICP_MIDX(1.0),02/03/22 11:00:00,M,I05,CP03,EU28,2011-06,101.92,
ESTAT:PRC_HICP_MIDX(1.0),02/03/22 11:00:00,M,I05,CP03,EU28,2011-07,90.16,
ESTAT:PRC_HICP_MIDX(1.0),02/03/22 11:00:00,M,I05,CP03,EU28,2011-08,91.81,
ESTAT:PRC_HICP_MIDX(1.0),02/03/22 11:00:00,M,I05,CP03,EU28,2011-09,102.22,
ESTAT:PRC_HICP_MIDX(1.0),02/03/22 11:00:00,M,I05,CP03,EU28,2011-10,104.56,
ESTAT:PRC_HICP_MIDX(1.0),02/03/22 11:00:00,M,I05,CP03,EU28,2011-11,105.00,
ESTAT:PRC_HICP_MIDX(1.0),02/03/22 11:00:00,M,I05,CP03,EU28,2011-12,103.39,
ESTAT:PRC_HICP_MIDX(1.0),02/03/22 11:00:00,M,I05,CP03,EU28,2012-01,91.22,
ESTAT:PRC_HICP_MIDX(1.0),02/03/22 11:00:00,M,I05,CP03,EU28,2012-02,91.76,
ESTAT:PRC_HICP_MIDX(1.0),02/03/22 11:00:00,M,I05,CP03,EU28,2012-03,102.93,
ESTAT:PRC_HICP_MIDX(1.0),02/03/22 11:00:00,M,I05,CP03,EU28,2012-04,105.05,
ESTAT:PRC_HICP_MIDX(1.0),02/03/22 11:00:00,M,I05,CP03,EU28,2012-05,105.00,
ESTAT:PRC_HICP_MIDX(1.0),02/03/22 11:00:00,M,I05,CP03,EU28,2012-06,103.23,
ESTAT:PRC_HICP_MIDX(1.0),02/03/22 11:00:00,M,I05,CP03,EU28,2012-07,92.03,
ESTAT:PRC_HICP_MIDX(1.0),02/03/22 11:00:00,M,I05,CP03,EU28,2012-08,92.68,
ESTAT:PRC_HICP_MIDX(1.0),02/03/22 11:00:00,M,I05,CP03,EU28,2012-09,103.19,
ESTAT:PRC_HICP_MIDX(1.0),02/03/22 11:00:00,M,I05,CP03,EU28,2012-10,105.29,
ESTAT:PRC_HICP_MIDX(1.0),02/03/22 11:00:00,M,I05,CP03,EU28,2012-11,105.69,
ESTAT:PRC_HICP_MIDX(1.0),02/03/22 11:00:00,M,I05,CP03,EU28,2012-12,104.34,
ESTAT:PRC_HICP_MIDX(1.0),02/03/22 11:00:00,M,I05,CP03,EU28,2013-01,91.37,
ESTAT:PRC_HICP_MIDX(1.0),02/03/22 11:00:00,M,I05,CP03,EU28,2013-02,91.72,
ESTAT:PRC_HICP_MIDX(1.0),02/03/22 11:00:00,M,I05,CP03,EU28,2013-03,103.36,
ESTAT:PRC_HICP_MIDX(1.0),02/03/22 11:00:00,M,I05,CP03,EU28,2013-04,105.20,
ESTAT:PRC_HICP_MIDX(1.0),02/03/22 11:00:00,M,I05,CP03,EU28,2013-05,105.44,
ESTAT:PRC_HICP_MIDX(1.0),02/03/22 11:00:00,M,I05,CP03,EU28,2013-06,104.02,
ESTAT:PRC_HICP_MIDX(1.0),02/03/22 11:00:00,M,I05,CP03,EU28,2013-07,92.46,
ESTAT:PRC_HICP_MIDX(1.0),02/03/22 11:00:00,M,I05,CP03,EU28,2013-08,93.06,
ESTAT:PRC_HICP_MIDX(1.0),02/03/22 11:00:00,M,I05,CP03,EU28,2013-09,103.74,
ESTAT:PRC_HICP_MIDX(1.0),02/03/22 11:00:00,M,I05,CP03,EU28,2013-10,105.70,
ESTAT:PRC_HICP_MIDX(1.0),02/03/22 11:00:00,M,I05,CP03,EU28,2013-11,105.61,
ESTAT:PRC_HICP_MIDX(1.0),02/03/22 11:00:00,M,I05,CP03,EU28,2013-12,104.65,
ESTAT:PRC_HICP_MIDX(1.0),02/03/22 11:00:00,M,I05,CP03,EU28,2014-01,91.59,
ESTAT:PRC_HICP_MIDX(1.0),02/03/22 11:00:00,M,I05,CP03,EU28,2014-02,92.67,
ESTAT:PRC_HICP_MIDX(1.0),02/03/22 11:00:00,M,I05,CP03,EU28,2014-03,103.67,
ESTAT:PRC_HICP_MIDX(1.0),02/03/22 11:00:00,M,I05,CP03,EU28,2014-04,105.55,
ESTAT:PRC_HICP_MIDX(1.0),02/03/22 11:00:00,M,I05,CP03,EU28,2014-05,105.27,
ESTAT:PRC_HICP_MIDX(1.0),02/03/22 11:00:00,M,I05,CP03,EU28,2014-06,104.06,
ESTAT:PRC_HICP_MIDX(1.0),02/03/22 11:00:00,M,I05,CP03,EU28,2014-07,92.02,
ESTAT:PRC_HICP_MIDX(1.0),02/03/22 11:00:00,M,I05,CP03,EU28,2014-08,93.59,
ESTAT:PRC_HICP_MIDX(1.0),02/03/22 11:00:00,M,I05,CP03,EU28,2014-09,104.00,
ESTAT:PRC_HICP_MIDX(1.0),02/03/22 11:00:00,M,I05,CP03,EU28,2014-10,105.43,
ESTAT:PRC_HICP_MIDX(1.0),02/03/22 11:00:00,M,I05,CP03,EU28,2014-11,105.73,
ESTAT:PRC_HICP_MIDX(1.0),02/03/22 11:00:00,M,I05,CP03,EU28,2014-12,104.73,
ESTAT:PRC_HICP_MIDX(1.0),02/03/22 11:00:00,M,I05,CP03,EU28,2015-01,91.85,
ESTAT:PRC_HICP_MIDX(1.0),02/03/22 11:00:00,M,I05,CP03,EU28,2015-02,92.63,
ESTAT:PRC_HICP_MIDX(1.0),02/03/22 11:00:00,M,I05,CP03,EU28,2015-03,103.45,
ESTAT:PRC_HICP_MIDX(1.0),02/03/22 11:00:00,M,I05,CP03,EU28,2015-04,105.38,
ESTAT:PRC_HICP_MIDX(1.0),02/03/22 11:00:00,M,I05,CP03,EU28,2015-05,105.21,
ESTAT:PRC_HICP_MIDX(1.0),02/03/22 11:00:00,M,I05,CP03,EU28,2015-06,103.87,
ESTAT:PRC_HICP_MIDX(1.0),02/03/22 11:00:00,M,I05,CP03,EU28,2015-07,92.59,
ESTAT:PRC_HICP_MIDX(1.0),02/03/22 11:00:00,M,I05,CP03,EU28,2015-08,93.80,
ESTAT:PRC_HICP_MIDX(1.0),02/03/22 11:00:00,M,I05,CP03,EU28,2015-09,103.82,
ESTAT:PRC_HICP_MIDX(1.0),02/03/22 11:00:00,M,I05,CP03,EU28,2015-10,105.86,
ESTAT:PRC_HICP_MIDX(1.0),02/03/22 11:00:00,M,I05,CP03,EU28,2015-11,105.95,
ESTAT:PRC_HICP_MIDX(1.0),02/03/22 11:00:00,M,I05,CP03,EU28,2015-12,104.52,
ESTAT:PRC_HICP_MIDX(1.0),02/03/22 11:00:00,M,I05,CP03,EU28,2016-01,92.23,
ESTAT:PRC_HICP_MIDX(1.0),02/03/22 11:00:00,M,I05,CP03,EU28,2016-02,93.02,
ESTAT:PRC_HICP_MIDX(1.0),02/03/22 11:00:00,M,I05,CP03,EU28,2016-03,103.66,
ESTAT:PRC_HICP_MIDX(1.0),02/03/22 11:00:00,M,I05,CP03,EU28,2016-04,105.66,
ESTAT:PRC_HICP_MIDX(1.0),02/03/22 11:00:00,M,I05,CP03,EU28,2016-05,105.62,
ESTAT:PRC_HICP_MIDX(1.0),02/03/22 11:00:00,M,I05,CP03,EU28,2016-06,103.97,
ESTAT:PRC_HICP_MIDX(1.0),02/03/22 11:00:00,M,I05,CP03,EU28,2016-07,92.54,
ESTAT:PRC_HICP_MIDX(1.0),02/03/22 11:00:00,M,I05,CP03,EU28,2016-08,93.36,
ESTAT:PRC_HICP_MIDX(1.0),02/03/22 11:00:00,M,I05,CP03,EU28,2016-09,103.82,
ESTAT:PRC_HICP_MIDX(1.0),02/03/22 11:00:00,M,I05,CP03,EU28,2016-10,105.89,
ESTAT:PRC_HICP_MIDX(1.0),02/03/22 11:00:00,M,I05,CP03,EU28,2016-11,106.34,
ESTAT:PRC_HICP_MIDX(1.0),02/03/22 11:00:00,M,I05,CP03,EU28,2016-12,105.18,
ESTAT:PRC_HICP_MIDX(1.0),02/03/22 11:00:00,M,I05,CP03,EU28,2017-01,93.34,
ESTAT:PRC_HICP_MIDX(1.0),02/03/22 11:00:00,M,I05,CP03,EU28,2017-02,93.07,
ESTAT:PRC_HICP_MIDX(1.0),02/03/22 11:00:00,M,I05,CP03,EU28,2017-03,103.85,
ESTAT:PRC_HICP_MIDX(1.0),02/03/22 11:00:00,M,I05,CP03,EU28,2017-04,106.04,
ESTAT:PRC_HICP_MIDX(1.0),02/03/22 11:00:00,M,I05,CP03,EU28,2017-05,106.15,
ESTAT:PRC_HICP_MIDX(1.0),02/03/22 11:00:00,M,I05,CP03,EU28,2017-06,104.69,
ESTAT:PRC_HICP_MIDX(1.0),02/03/22 11:00:00,M,I05,CP03,EU28,2017-07,93.32,
ESTAT:PRC_HICP_MIDX(1.0),02/03/22 11:00:00,M,I05,CP03,EU28,2017-08,94.50,
ESTAT:PRC_HICP_MIDX(1.0),02/03/22 11:00:00,M,I05,CP03,EU28,2017-09,104.63,
ESTAT:PRC_HICP_MIDX(1.0),02/03/22 11:00:00,M,I05,CP03,EU28,2017-10,106.21,
ESTAT:PRC_HICP_MIDX(1.0),02/03/22 11:00:00,M,I05,CP03,EU28,2017-11,106.73,
ESTAT:PRC_HICP_MIDX(1.0),02/03/22 11:00:00,M,I05,CP03,EU28,2017-12,105.75,
ESTAT:PRC_HICP_MIDX(1.0),02/03/22 11:00:00,M,I05,CP03,EU28,2018-01,93.83,
ESTAT:PRC_HICP_MIDX(1.0),02/03/22 11:00:00,M,I05,CP03,EU28,2018-02,94.00,
ESTAT:PRC_HICP_MIDX(1.0),02/03/22 11:00:00,M,I05,CP03,EU28,2018-03,103.84,
ESTAT:PRC_HICP_MIDX(1.0),02/03/22 11:00:00,M,I05,CP03,EU28,2018-04,106.21,
ESTAT:PRC_HICP_MIDX(1.0),02/03/22 11:00:00,M,I05,CP03,EU28,2018-05,106.29,
ESTAT:PRC_HICP_MIDX(1.0),02/03/22 11:00:00,M,I05,CP03,EU28,2018-06,104.81,
ESTAT:PRC_HICP_MIDX(1.0),02/03/22 11:00:00,M,I05,CP03,EU28,2018-07,93.49,
ESTAT:PRC_HICP_MIDX(1.0),02/03/22 11:00:00,M,I05,CP03,EU28,2018-08,94.10,
ESTAT:PRC_HICP_MIDX(1.0),02/03/22 11:00:00,M,I05,CP03,EU28,2018-09,104.19,
ESTAT:PRC_HICP_MIDX(1.0),02/03/22 11:00:00,M,I05,CP03,EU28,2018-10,106.11,
ESTAT:PRC_HICP_MIDX(1.0),02/03/22 11:00:00,M,I05,CP03,EU28,2018-11,106.77,
ESTAT:PRC_HICP_MIDX(1.0),02/03/22 11:00:00,M,I05,CP03,EU28,2018-12,105.83,
ESTAT:PRC_HICP_MIDX(1.0),02/03/22 11:00:00,M,I05,CP03,EU28,2019-01,94.30,
ESTAT:PRC_HICP_MIDX(1.0),02/03/22 11:00:00,M,I05,CP03,EU28,2019-02,94.18,
ESTAT:PRC_HICP_MIDX(1.0),02/03/22 11:00:00,M,I05,CP03,EU28,2019-03,103.33,
ESTAT:PRC_HICP_MIDX(1.0),02/03/22 11:00:00,M,I05,CP03,EU28,2019-04,105.96,
ESTAT:PRC_HICP_MIDX(1.0),02/03/22 11:00:00,M,I05,CP03,EU28,2019-05,106.22,
ESTAT:PRC_HICP_MIDX(1.0),02/03/22 11:00:00,M,I05,CP03,EU28,2019-06,104.97,
ESTAT:PRC_HICP_MIDX(1.0),02/03/22 11:00:00,M,I05,CP03,EU28,2019-07,94.38,
ESTAT:PRC_HICP_MIDX(1.0),02/03/22 11:00:00,M,I05,CP03,EU28,2019-08,94.68,
ESTAT:PRC_HICP_MIDX(1.0),02/03/22 11:00:00,M,I05,CP03,EU28,2019-09,104.34,
ESTAT:PRC_HICP_MIDX(1.0),02/03/22 11:00:00,M,I05,CP03,EU28,2019-10,106.60,
ESTAT:PRC_HICP_MIDX(1.0),02/03/22 11:00:00,M,I05,CP03,EU28,2019-11,107.21,
ESTAT:PRC_HICP_MIDX(1.0),02/03/22 11:00:00,M,I05,CP03,EU28,2019-12,106.30,
